# Forces            
# CofR              : (0.000000000000e+00 0.000000000000e+00 0.000000000000e+00)
# Time              forces(pressure viscous)	moments(pressure viscous)
0                   	((0.000000000000e+00 0.000000000000e+00 0.000000000000e+00) (1.683783109805e+03 3.464133461722e+00 1.470662583594e-18)) ((0.000000000000e+00 0.000000000000e+00 0.000000000000e+00) (-1.732066730861e+00 8.418915549023e+02 -4.374993430802e+00))
0.005               	((1.552923961596e+05 3.098199405078e+05 -7.045328488577e-15) (1.717516916235e+03 3.485867469389e+03 -1.674862502090e-12)) ((-1.549099702539e+05 7.764619807978e+04 1.552923974742e+03) (-1.742933734695e+03 8.587584581176e+02 1.645378729750e+01))
0.01                	((1.327465600415e+03 -3.016661969722e+05 -1.513444745785e-16) (1.551224290672e+03 -3.923810086099e+02 9.387167315022e-16)) ((1.508330984861e+05 6.637328002073e+02 1.327463737071e+01) (1.961905043050e+02 7.756121453361e+02 5.336136385496e+00))
0.015               	((1.748077277530e+03 -1.210403560716e+03 2.578342694714e-16) (1.427779153428e+03 -3.217252264694e+02 4.812021843060e-18)) ((6.052017803578e+02 8.740386387651e+02 1.748077219518e+01) (1.608626132347e+02 7.138895767139e+02 5.933774089208e+00))
0.02                	((1.584595548904e+03 -4.967605312002e+02 4.238545999459e-17) (1.320021200163e+03 -2.661905865293e+02 -9.793392854399e-18)) ((2.483802656001e+02 7.922977744518e+02 1.584595510983e+01) (1.330952932646e+02 6.600106000814e+02 5.376270276676e+00))
0.025               	((1.333259043788e+03 -3.295300902032e+02 4.570334551878e-17) (1.232809279068e+03 -2.247922994376e+02 -4.679600754112e-18)) ((1.647650451016e+02 6.666295218942e+02 1.333259035546e+01) (1.123961497188e+02 6.164046395339e+02 3.209600818568e+00))
0.03                	((1.182112247464e+03 -2.695131270438e+02 5.965019578557e-17) (1.157981738057e+03 -1.942670615754e+02 5.348952467456e-17)) ((1.347565635219e+02 5.910561237322e+02 1.182112245256e+01) (9.713353078771e+01 5.789908690285e+02 1.290121593280e+00))
0.035               	((1.072913953506e+03 -2.212933519891e+02 7.024091348321e-17) (1.093607282506e+03 -1.708253979483e+02 4.428236580254e-17)) ((1.106466759946e+02 5.364569767532e+02 1.072913945621e+01) (8.541269897416e+01 5.468036412528e+02 7.629920992294e-02))
0.04                	((9.886316505510e+02 -1.822893920171e+02 8.221966303208e-17) (1.038826808862e+03 -1.516682044294e+02 -9.618634290465e-17)) ((9.114469600857e+01 4.943158252755e+02 9.886316255927e+00) (7.583410221471e+01 5.194134044309e+02 -5.324054368578e-01))
0.045               	((9.211182051820e+02 -1.536802300273e+02 8.888908983430e-17) (9.916032778181e+02 -1.359483861070e+02 -4.235704323998e-17)) ((7.684011501364e+01 4.605591025910e+02 9.211181818172e+00) (6.797419305348e+01 4.958016389091e+02 -1.050618382919e+00))
0.05                	((8.675643152654e+02 -1.296764818923e+02 9.268615547887e-17) (9.502825112898e+02 -1.230543576456e+02 -2.875131664316e-17)) ((6.483824094616e+01 4.337821576327e+02 8.675642990613e+00) (6.152717882280e+01 4.751412556449e+02 -1.432178542349e+00))
0.055               	((8.243902505450e+02 -1.097782978134e+02 9.562247140898e-17) (9.138906571644e+02 -1.122848284269e+02 -2.560798700239e-17)) ((5.488914890671e+01 4.121951252725e+02 8.243902466563e+00) (5.614241421347e+01 4.569453285822e+02 -1.670296113279e+00))
0.06                	((7.879691950936e+02 -9.256043599065e+01 9.768963158840e-17) (8.812669283405e+02 -1.031229612441e+02 -2.451491648715e-17)) ((4.628021799533e+01 3.939845975468e+02 7.879692001693e+00) (5.156148062207e+01 4.406334641702e+02 -1.729853264713e+00))
0.065               	((7.562470161071e+02 -7.871774873955e+01 9.924413020910e-17) (8.519418435391e+02 -9.544002741050e+01 -2.434044121711e-17)) ((3.935887436978e+01 3.781235080536e+02 7.562470301457e+00) (4.772001370525e+01 4.259709217696e+02 -1.682410794798e+00))
0.07                	((7.285322178087e+02 -6.743286419771e+01 1.000306404797e-16) (8.254880047892e+02 -8.883308936693e+01 -2.434728121146e-17)) ((3.371643209885e+01 3.642661089043e+02 7.285322399906e+00) (4.441654468347e+01 4.127440023946e+02 -1.567224055601e+00))
0.075               	((7.042210259339e+02 -5.825773973829e+01 1.005074586036e-16) (8.013017028035e+02 -8.299396711665e+01 -2.378417928548e-17)) ((2.912886986915e+01 3.521105129670e+02 7.042210538069e+00) (4.149698355832e+01 4.006508514017e+02 -1.450851389555e+00))
0.08                	((6.823894397102e+02 -5.069801093128e+01 1.012400935313e-16) (7.790371020933e+02 -7.773128823261e+01 -2.325572966934e-17)) ((2.534900546564e+01 3.411947198551e+02 6.823894679930e+00) (3.886564411630e+01 3.895185510467e+02 -1.349153665713e+00))
0.085               	((6.627512684750e+02 -4.391548937969e+01 1.020505563238e-16) (7.584206414726e+02 -7.301497149431e+01 -2.278521522315e-17)) ((2.195774468985e+01 3.313756342375e+02 6.627512968165e+00) (3.650748574716e+01 3.792103207363e+02 -1.232462399314e+00))
0.09                	((6.450363700373e+02 -3.821633511124e+01 1.025447183799e-16) (7.393198137204e+02 -6.877242667593e+01 -2.200516050522e-17)) ((1.910816755562e+01 3.225181850187e+02 6.450363978147e+00) (3.438621333797e+01 3.696599068602e+02 -1.074676022691e+00))
0.095               	((6.292322249121e+02 -3.314756179444e+01 1.025539739256e-16) (7.214770664102e+02 -6.490568793969e+01 -2.135378071429e-17)) ((1.657378089722e+01 3.146161124560e+02 6.292322527270e+00) (3.245284396985e+01 3.607385332051e+02 -9.294172752444e-01))
0.1                 	((6.148880528018e+02 -2.878468202385e+01 1.026497768496e-16) (7.047622305410e+02 -6.138628989453e+01 -2.075234188425e-17)) ((1.439234101193e+01 3.074440264009e+02 6.148880800093e+00) (3.069314494727e+01 3.523811152705e+02 -7.939840914934e-01))
