# Forces            
# CofR              : (0.000000000000e+00 0.000000000000e+00 0.000000000000e+00)
# Time              forces(pressure viscous)	moments(pressure viscous)
0                   	((0.000000000000e+00 0.000000000000e+00 0.000000000000e+00) (1.683783109805e+03 3.464133461722e+00 1.470662583594e-18)) ((0.000000000000e+00 0.000000000000e+00 0.000000000000e+00) (-1.732066730861e+00 8.418915549023e+02 -4.374993430802e+00))
0.005               	((1.558316386742e+05 -3.108713223421e+05 6.441533957111e-15) (1.769158801704e+03 -3.471347400822e+03 -1.610191266438e-12)) ((1.554356611711e+05 7.791581933710e+04 -1.558316408028e+03) (1.735673700411e+03 8.845794008518e+02 -3.846243006908e+01))
0.01                	((1.322543250393e+03 3.017496033198e+05 -3.679587600759e-16) (1.559780683622e+03 3.752504389692e+02 -9.566883364359e-16)) ((-1.508748016599e+05 6.612716251965e+02 -1.322541914568e+01) (-1.876252194846e+02 7.798903418112e+02 -2.364108080425e+01))
0.015               	((1.987293642880e+03 1.295393570414e+03 -4.941068016976e-18) (1.425494512824e+03 3.072146917144e+02 4.453519170436e-17)) ((-6.476967852071e+02 9.936468214401e+02 -1.987293707959e+01) (-1.536073458572e+02 7.127472564118e+02 -2.311874334815e+01))
0.02                	((1.466027744600e+03 5.468603727717e+02 1.855197077842e-16) (1.316357777822e+03 2.551989657354e+02 5.031214625437e-17)) ((-2.734301863859e+02 7.330138723002e+02 -1.466027753995e+01) (-1.275994828677e+02 6.581788889110e+02 -2.052925981715e+01))
0.025               	((1.300830294361e+03 3.140496949416e+02 1.896961162034e-16) (1.226840916916e+03 2.151315441492e+02 -4.144619900244e-17)) ((-1.570248474708e+02 6.504151471807e+02 -1.300830320339e+01) (-1.075657720746e+02 6.134204584582e+02 -1.710372719403e+01))
0.03                	((1.157308999599e+03 2.456232436120e+02 1.876752089516e-16) (1.150672064205e+03 1.851614274742e+02 8.546001935458e-18)) ((-1.228116218060e+02 5.786544997996e+02 -1.157309031870e+01) (-9.258071373712e+01 5.753360321026e+02 -1.414873957723e+01))
0.035               	((1.048213925928e+03 1.927913880144e+02 1.816321255123e-16) (1.085646117958e+03 1.623177474010e+02 1.163274919638e-17)) ((-9.639569400718e+01 5.241069629640e+02 -1.048213950969e+01) (-8.115887370052e+01 5.428230589791e+02 -1.164333037893e+01))
0.04                	((9.663371405084e+02 1.532976084485e+02 1.797754466970e-16) (1.030495163469e+03 1.440768623960e+02 9.058996385833e-18)) ((-7.664880422427e+01 4.831685702542e+02 -9.663371704773e+00) (-7.203843119798e+01 5.152475817346e+02 -9.857450825838e+00))
0.045               	((9.042300335489e+02 1.231583308576e+02 1.758142617876e-16) (9.832613102692e+02 1.291914268061e+02 -3.007220483389e-17)) ((-6.157916542878e+01 4.521150167745e+02 -9.042300567729e+00) (-6.459571340304e+01 4.916306551346e+02 -8.132484262058e+00))
0.05                	((8.521242686211e+02 9.734444784065e+01 1.728394937449e-16) (9.419425224133e+02 1.167646310465e+02 -4.876107917934e-17)) ((-4.867222392032e+01 4.260621343105e+02 -8.521242833993e+00) (-5.838231552325e+01 4.709712612067e+02 -6.453734616818e+00))
0.055               	((8.098653942599e+02 7.674682634306e+01 1.706213022627e-16) (9.056686920033e+02 1.067587537801e+02 -6.037107210282e-17)) ((-3.837341317153e+01 4.049326971300e+02 -8.098654049465e+00) (-5.337937689003e+01 4.528343460017e+02 -5.144091880318e+00))
0.06                	((7.746446081940e+02 6.125060597009e+01 1.672983236439e-16) (8.735955492148e+02 9.861201207387e+01 -6.098536297080e-17)) ((-3.062530298505e+01 3.873223040970e+02 -7.746446121435e+00) (-4.930600603693e+01 4.367977746074e+02 -4.121840794913e+00))
0.065               	((7.444585965602e+02 4.840889640506e+01 1.638767736114e-16) (8.450006300215e+02 9.180704366798e+01 -6.092136530145e-17)) ((-2.420444820253e+01 3.722292982801e+02 -7.444585873318e+00) (-4.590352183399e+01 4.225003150107e+02 -3.320992019958e+00))
0.07                	((7.181491583766e+02 3.818915514706e+01 1.607760274078e-16) (8.191927587497e+02 8.604629252048e+01 -6.080092146098e-17)) ((-1.909457757353e+01 3.590745791883e+02 -7.181491381829e+00) (-4.302314626024e+01 4.095963793749e+02 -2.646418747730e+00))
0.075               	((6.953706040899e+02 2.959439394309e+01 1.585935677486e-16) (7.955735808109e+02 8.108923193586e+01 -6.069504097146e-17)) ((-1.479719697154e+01 3.476853020449e+02 -6.953705759189e+00) (-4.054461596793e+01 3.977867904055e+02 -2.108343149053e+00))
0.08                	((6.750158285378e+02 2.276612341342e+01 1.566132064144e-16) (7.739007398211e+02 7.673759461019e+01 -6.035372739152e-17)) ((-1.138306170671e+01 3.375079142689e+02 -6.750157961058e+00) (-3.836879730509e+01 3.869503699106e+02 -1.709345424823e+00))
0.085               	((6.569658690129e+02 1.734673396904e+01 1.549394668035e-16) (7.538764347243e+02 7.288733980954e+01 -5.998509217756e-17)) ((-8.673366984519e+00 3.284829345065e+02 -6.569658363524e+00) (-3.644366990477e+01 3.769382173621e+02 -1.400983089535e+00))
0.09                	((6.407834678678e+02 1.263296984177e+01 1.540040008522e-16) (7.352426914139e+02 6.949599029737e+01 -5.976444697389e-17)) ((-6.316484920883e+00 3.203917339339e+02 -6.407834366409e+00) (-3.474799514868e+01 3.676213457070e+02 -1.144000602707e+00))
0.095               	((6.258187250245e+02 8.851883111544e+00 1.532196250552e-16) (7.178205281452e+02 6.642721610150e+01 -5.921221142614e-17)) ((-4.425941555772e+00 3.129093625123e+02 -6.258186950012e+00) (-3.321360805075e+01 3.589102640726e+02 -9.451705959643e-01))
0.1                 	((6.121670567892e+02 5.172205156676e+00 1.525311462046e-16) (7.014848953040e+02 6.366793119370e+01 -5.864376063744e-17)) ((-2.586102578338e+00 3.060835283946e+02 -6.121670286444e+00) (-3.183396559685e+01 3.507424476520e+02 -7.989464521666e-01))
