/*--------------------------------*- C++ -*----------------------------------*\
  =========                 |
  \\      /  F ield         | OpenFOAM: The Open Source CFD Toolbox
   \\    /   O peration     | Website:  https://openfoam.org
    \\  /    A nd           | Version:  10
     \\/     M anipulation  |
\*---------------------------------------------------------------------------*/
FoamFile
{
    format      ascii;
    class       labelList;
    note        "nPoints: 10624 nCells: 5120 nFaces: 20672 nInternalFaces: 10048";
    location    "constant/polyMesh";
    object      neighbour;
}
// * * * * * * * * * * * * * * * * * * * * * * * * * * * * * * * * * * * * * //


10048
(
1
16
496
2
17
497
3
18
498
4
19
499
5
20
500
6
21
501
7
22
502
8
23
503
9
24
504
10
25
505
11
26
506
12
27
507
13
28
508
14
29
509
15
30
510
31
511
1039
17
32
18
33
19
34
20
35
21
36
22
37
23
38
24
39
25
40
26
41
27
42
28
43
29
44
30
45
31
46
47
1038
33
48
34
49
35
50
36
51
37
52
38
53
39
54
40
55
41
56
42
57
43
58
44
59
45
60
46
61
47
62
63
1037
49
64
50
65
51
66
52
67
53
68
54
69
55
70
56
71
57
72
58
73
59
74
60
75
61
76
62
77
63
78
79
1036
65
80
66
81
67
82
68
83
69
84
70
85
71
86
72
87
73
88
74
89
75
90
76
91
77
92
78
93
79
94
95
1035
81
96
82
97
83
98
84
99
85
100
86
101
87
102
88
103
89
104
90
105
91
106
92
107
93
108
94
109
95
110
111
1034
97
112
98
113
99
114
100
115
101
116
102
117
103
118
104
119
105
120
106
121
107
122
108
123
109
124
110
125
111
126
127
1033
113
128
114
129
115
130
116
131
117
132
118
133
119
134
120
135
121
136
122
137
123
138
124
139
125
140
126
141
127
142
143
1032
129
144
130
145
131
146
132
147
133
148
134
149
135
150
136
151
137
152
138
153
139
154
140
155
141
156
142
157
143
158
159
1031
145
160
146
161
147
162
148
163
149
164
150
165
151
166
152
167
153
168
154
169
155
170
156
171
157
172
158
173
159
174
175
1030
161
176
162
177
163
178
164
179
165
180
166
181
167
182
168
183
169
184
170
185
171
186
172
187
173
188
174
189
175
190
191
1029
177
192
178
193
179
194
180
195
181
196
182
197
183
198
184
199
185
200
186
201
187
202
188
203
189
204
190
205
191
206
207
1028
193
208
194
209
195
210
196
211
197
212
198
213
199
214
200
215
201
216
202
217
203
218
204
219
205
220
206
221
207
222
223
1027
209
224
210
225
211
226
212
227
213
228
214
229
215
230
216
231
217
232
218
233
219
234
220
235
221
236
222
237
223
238
239
1026
225
240
226
241
227
242
228
243
229
244
230
245
231
246
232
247
233
248
234
249
235
250
236
251
237
252
238
253
239
254
255
1025
241
1535
242
1534
243
1533
244
1532
245
1531
246
1530
247
1529
248
1528
249
1527
250
1526
251
1525
252
1524
253
1523
254
1522
255
1521
1024
1520
257
272
3056
258
273
3057
259
274
3058
260
275
3059
261
276
3060
262
277
3061
263
278
3062
264
279
3063
265
280
3064
266
281
3065
267
282
3066
268
283
3067
269
284
3068
270
285
3069
271
286
3070
287
512
3071
273
288
274
289
275
290
276
291
277
292
278
293
279
294
280
295
281
296
282
297
283
298
284
299
285
300
286
301
287
302
303
528
289
304
290
305
291
306
292
307
293
308
294
309
295
310
296
311
297
312
298
313
299
314
300
315
301
316
302
317
303
318
319
544
305
320
306
321
307
322
308
323
309
324
310
325
311
326
312
327
313
328
314
329
315
330
316
331
317
332
318
333
319
334
335
560
321
336
322
337
323
338
324
339
325
340
326
341
327
342
328
343
329
344
330
345
331
346
332
347
333
348
334
349
335
350
351
576
337
352
338
353
339
354
340
355
341
356
342
357
343
358
344
359
345
360
346
361
347
362
348
363
349
364
350
365
351
366
367
592
353
368
354
369
355
370
356
371
357
372
358
373
359
374
360
375
361
376
362
377
363
378
364
379
365
380
366
381
367
382
383
608
369
384
370
385
371
386
372
387
373
388
374
389
375
390
376
391
377
392
378
393
379
394
380
395
381
396
382
397
383
398
399
624
385
400
386
401
387
402
388
403
389
404
390
405
391
406
392
407
393
408
394
409
395
410
396
411
397
412
398
413
399
414
415
640
401
416
402
417
403
418
404
419
405
420
406
421
407
422
408
423
409
424
410
425
411
426
412
427
413
428
414
429
415
430
431
656
417
432
418
433
419
434
420
435
421
436
422
437
423
438
424
439
425
440
426
441
427
442
428
443
429
444
430
445
431
446
447
672
433
448
434
449
435
450
436
451
437
452
438
453
439
454
440
455
441
456
442
457
443
458
444
459
445
460
446
461
447
462
463
688
449
464
450
465
451
466
452
467
453
468
454
469
455
470
456
471
457
472
458
473
459
474
460
475
461
476
462
477
463
478
479
704
465
480
466
481
467
482
468
483
469
484
470
485
471
486
472
487
473
488
474
489
475
490
476
491
477
492
478
493
479
494
495
720
481
496
482
497
483
498
484
499
485
500
486
501
487
502
488
503
489
504
490
505
491
506
492
507
493
508
494
509
495
510
511
736
497
498
499
500
501
502
503
504
505
506
507
508
509
510
511
752
513
528
3312
514
529
3313
515
530
3314
516
531
3315
517
532
3316
518
533
3317
519
534
3318
520
535
3319
521
536
3320
522
537
3321
523
538
3322
524
539
3323
525
540
3324
526
541
3325
527
542
3326
543
3327
529
544
530
545
531
546
532
547
533
548
534
549
535
550
536
551
537
552
538
553
539
554
540
555
541
556
542
557
543
558
559
545
560
546
561
547
562
548
563
549
564
550
565
551
566
552
567
553
568
554
569
555
570
556
571
557
572
558
573
559
574
575
561
576
562
577
563
578
564
579
565
580
566
581
567
582
568
583
569
584
570
585
571
586
572
587
573
588
574
589
575
590
591
577
592
578
593
579
594
580
595
581
596
582
597
583
598
584
599
585
600
586
601
587
602
588
603
589
604
590
605
591
606
607
593
608
594
609
595
610
596
611
597
612
598
613
599
614
600
615
601
616
602
617
603
618
604
619
605
620
606
621
607
622
623
609
624
610
625
611
626
612
627
613
628
614
629
615
630
616
631
617
632
618
633
619
634
620
635
621
636
622
637
623
638
639
625
640
626
641
627
642
628
643
629
644
630
645
631
646
632
647
633
648
634
649
635
650
636
651
637
652
638
653
639
654
655
641
656
642
657
643
658
644
659
645
660
646
661
647
662
648
663
649
664
650
665
651
666
652
667
653
668
654
669
655
670
671
657
672
658
673
659
674
660
675
661
676
662
677
663
678
664
679
665
680
666
681
667
682
668
683
669
684
670
685
671
686
687
673
688
674
689
675
690
676
691
677
692
678
693
679
694
680
695
681
696
682
697
683
698
684
699
685
700
686
701
687
702
703
689
704
690
705
691
706
692
707
693
708
694
709
695
710
696
711
697
712
698
713
699
714
700
715
701
716
702
717
703
718
719
705
720
706
721
707
722
708
723
709
724
710
725
711
726
712
727
713
728
714
729
715
730
716
731
717
732
718
733
719
734
735
721
736
722
737
723
738
724
739
725
740
726
741
727
742
728
743
729
744
730
745
731
746
732
747
733
748
734
749
735
750
751
737
752
738
753
739
754
740
755
741
756
742
757
743
758
744
759
745
760
746
761
747
762
748
763
749
764
750
765
751
766
767
753
768
754
769
755
770
756
771
757
772
758
773
759
774
760
775
761
776
762
777
763
778
764
779
765
780
766
781
767
782
783
769
784
1039
770
785
771
786
772
787
773
788
774
789
775
790
776
791
777
792
778
793
779
794
780
795
781
796
782
797
783
798
799
785
800
1055
786
801
787
802
788
803
789
804
790
805
791
806
792
807
793
808
794
809
795
810
796
811
797
812
798
813
799
814
815
801
816
1071
802
817
803
818
804
819
805
820
806
821
807
822
808
823
809
824
810
825
811
826
812
827
813
828
814
829
815
830
831
817
832
1087
818
833
819
834
820
835
821
836
822
837
823
838
824
839
825
840
826
841
827
842
828
843
829
844
830
845
831
846
847
833
848
1103
834
849
835
850
836
851
837
852
838
853
839
854
840
855
841
856
842
857
843
858
844
859
845
860
846
861
847
862
863
849
864
1119
850
865
851
866
852
867
853
868
854
869
855
870
856
871
857
872
858
873
859
874
860
875
861
876
862
877
863
878
879
865
880
1135
866
881
867
882
868
883
869
884
870
885
871
886
872
887
873
888
874
889
875
890
876
891
877
892
878
893
879
894
895
881
896
1151
882
897
883
898
884
899
885
900
886
901
887
902
888
903
889
904
890
905
891
906
892
907
893
908
894
909
895
910
911
897
912
1167
898
913
899
914
900
915
901
916
902
917
903
918
904
919
905
920
906
921
907
922
908
923
909
924
910
925
911
926
927
913
928
1183
914
929
915
930
916
931
917
932
918
933
919
934
920
935
921
936
922
937
923
938
924
939
925
940
926
941
927
942
943
929
944
1199
930
945
931
946
932
947
933
948
934
949
935
950
936
951
937
952
938
953
939
954
940
955
941
956
942
957
943
958
959
945
960
1215
946
961
947
962
948
963
949
964
950
965
951
966
952
967
953
968
954
969
955
970
956
971
957
972
958
973
959
974
975
961
976
1231
962
977
963
978
964
979
965
980
966
981
967
982
968
983
969
984
970
985
971
986
972
987
973
988
974
989
975
990
991
977
992
1247
978
993
979
994
980
995
981
996
982
997
983
998
984
999
985
1000
986
1001
987
1002
988
1003
989
1004
990
1005
991
1006
1007
993
1008
1263
994
1009
995
1010
996
1011
997
1012
998
1013
999
1014
1000
1015
1001
1016
1002
1017
1003
1018
1004
1019
1005
1020
1006
1021
1007
1022
1023
1009
1279
1010
1011
1012
1013
1014
1015
1016
1017
1018
1019
1020
1021
1022
1023
1025
1040
2319
1026
1041
1027
1042
1028
1043
1029
1044
1030
1045
1031
1046
1032
1047
1033
1048
1034
1049
1035
1050
1036
1051
1037
1052
1038
1053
1039
1054
1055
1041
1056
2335
1042
1057
1043
1058
1044
1059
1045
1060
1046
1061
1047
1062
1048
1063
1049
1064
1050
1065
1051
1066
1052
1067
1053
1068
1054
1069
1055
1070
1071
1057
1072
2351
1058
1073
1059
1074
1060
1075
1061
1076
1062
1077
1063
1078
1064
1079
1065
1080
1066
1081
1067
1082
1068
1083
1069
1084
1070
1085
1071
1086
1087
1073
1088
2367
1074
1089
1075
1090
1076
1091
1077
1092
1078
1093
1079
1094
1080
1095
1081
1096
1082
1097
1083
1098
1084
1099
1085
1100
1086
1101
1087
1102
1103
1089
1104
2383
1090
1105
1091
1106
1092
1107
1093
1108
1094
1109
1095
1110
1096
1111
1097
1112
1098
1113
1099
1114
1100
1115
1101
1116
1102
1117
1103
1118
1119
1105
1120
2399
1106
1121
1107
1122
1108
1123
1109
1124
1110
1125
1111
1126
1112
1127
1113
1128
1114
1129
1115
1130
1116
1131
1117
1132
1118
1133
1119
1134
1135
1121
1136
2415
1122
1137
1123
1138
1124
1139
1125
1140
1126
1141
1127
1142
1128
1143
1129
1144
1130
1145
1131
1146
1132
1147
1133
1148
1134
1149
1135
1150
1151
1137
1152
2431
1138
1153
1139
1154
1140
1155
1141
1156
1142
1157
1143
1158
1144
1159
1145
1160
1146
1161
1147
1162
1148
1163
1149
1164
1150
1165
1151
1166
1167
1153
1168
2447
1154
1169
1155
1170
1156
1171
1157
1172
1158
1173
1159
1174
1160
1175
1161
1176
1162
1177
1163
1178
1164
1179
1165
1180
1166
1181
1167
1182
1183
1169
1184
2463
1170
1185
1171
1186
1172
1187
1173
1188
1174
1189
1175
1190
1176
1191
1177
1192
1178
1193
1179
1194
1180
1195
1181
1196
1182
1197
1183
1198
1199
1185
1200
2479
1186
1201
1187
1202
1188
1203
1189
1204
1190
1205
1191
1206
1192
1207
1193
1208
1194
1209
1195
1210
1196
1211
1197
1212
1198
1213
1199
1214
1215
1201
1216
2495
1202
1217
1203
1218
1204
1219
1205
1220
1206
1221
1207
1222
1208
1223
1209
1224
1210
1225
1211
1226
1212
1227
1213
1228
1214
1229
1215
1230
1231
1217
1232
2511
1218
1233
1219
1234
1220
1235
1221
1236
1222
1237
1223
1238
1224
1239
1225
1240
1226
1241
1227
1242
1228
1243
1229
1244
1230
1245
1231
1246
1247
1233
1248
2527
1234
1249
1235
1250
1236
1251
1237
1252
1238
1253
1239
1254
1240
1255
1241
1256
1242
1257
1243
1258
1244
1259
1245
1260
1246
1261
1247
1262
1263
1249
1264
2543
1250
1265
1251
1266
1252
1267
1253
1268
1254
1269
1255
1270
1256
1271
1257
1272
1258
1273
1259
1274
1260
1275
1261
1276
1262
1277
1263
1278
1279
1265
2559
1266
1267
1268
1269
1270
1271
1272
1273
1274
1275
1276
1277
1278
1279
1281
1296
1776
2304
1282
1297
1777
1283
1298
1778
1284
1299
1779
1285
1300
1780
1286
1301
1781
1287
1302
1782
1288
1303
1783
1289
1304
1784
1290
1305
1785
1291
1306
1786
1292
1307
1787
1293
1308
1788
1294
1309
1789
1295
1310
1790
1311
1791
1297
1312
2305
1298
1313
1299
1314
1300
1315
1301
1316
1302
1317
1303
1318
1304
1319
1305
1320
1306
1321
1307
1322
1308
1323
1309
1324
1310
1325
1311
1326
1327
1313
1328
2306
1314
1329
1315
1330
1316
1331
1317
1332
1318
1333
1319
1334
1320
1335
1321
1336
1322
1337
1323
1338
1324
1339
1325
1340
1326
1341
1327
1342
1343
1329
1344
2307
1330
1345
1331
1346
1332
1347
1333
1348
1334
1349
1335
1350
1336
1351
1337
1352
1338
1353
1339
1354
1340
1355
1341
1356
1342
1357
1343
1358
1359
1345
1360
2308
1346
1361
1347
1362
1348
1363
1349
1364
1350
1365
1351
1366
1352
1367
1353
1368
1354
1369
1355
1370
1356
1371
1357
1372
1358
1373
1359
1374
1375
1361
1376
2309
1362
1377
1363
1378
1364
1379
1365
1380
1366
1381
1367
1382
1368
1383
1369
1384
1370
1385
1371
1386
1372
1387
1373
1388
1374
1389
1375
1390
1391
1377
1392
2310
1378
1393
1379
1394
1380
1395
1381
1396
1382
1397
1383
1398
1384
1399
1385
1400
1386
1401
1387
1402
1388
1403
1389
1404
1390
1405
1391
1406
1407
1393
1408
2311
1394
1409
1395
1410
1396
1411
1397
1412
1398
1413
1399
1414
1400
1415
1401
1416
1402
1417
1403
1418
1404
1419
1405
1420
1406
1421
1407
1422
1423
1409
1424
2312
1410
1425
1411
1426
1412
1427
1413
1428
1414
1429
1415
1430
1416
1431
1417
1432
1418
1433
1419
1434
1420
1435
1421
1436
1422
1437
1423
1438
1439
1425
1440
2313
1426
1441
1427
1442
1428
1443
1429
1444
1430
1445
1431
1446
1432
1447
1433
1448
1434
1449
1435
1450
1436
1451
1437
1452
1438
1453
1439
1454
1455
1441
1456
2314
1442
1457
1443
1458
1444
1459
1445
1460
1446
1461
1447
1462
1448
1463
1449
1464
1450
1465
1451
1466
1452
1467
1453
1468
1454
1469
1455
1470
1471
1457
1472
2315
1458
1473
1459
1474
1460
1475
1461
1476
1462
1477
1463
1478
1464
1479
1465
1480
1466
1481
1467
1482
1468
1483
1469
1484
1470
1485
1471
1486
1487
1473
1488
2316
1474
1489
1475
1490
1476
1491
1477
1492
1478
1493
1479
1494
1480
1495
1481
1496
1482
1497
1483
1498
1484
1499
1485
1500
1486
1501
1487
1502
1503
1489
1504
2317
1490
1505
1491
1506
1492
1507
1493
1508
1494
1509
1495
1510
1496
1511
1497
1512
1498
1513
1499
1514
1500
1515
1501
1516
1502
1517
1503
1518
1519
1505
1520
2318
1506
1521
1507
1522
1508
1523
1509
1524
1510
1525
1511
1526
1512
1527
1513
1528
1514
1529
1515
1530
1516
1531
1517
1532
1518
1533
1519
1534
1535
1521
2319
1522
1523
1524
1525
1526
1527
1528
1529
1530
1531
1532
1533
1534
1535
1537
1552
1807
4080
1538
1553
4081
1539
1554
4082
1540
1555
4083
1541
1556
4084
1542
1557
4085
1543
1558
4086
1544
1559
4087
1545
1560
4088
1546
1561
4089
1547
1562
4090
1548
1563
4091
1549
1564
4092
1550
1565
4093
1551
1566
4094
1567
4095
1553
1568
1823
1554
1569
1555
1570
1556
1571
1557
1572
1558
1573
1559
1574
1560
1575
1561
1576
1562
1577
1563
1578
1564
1579
1565
1580
1566
1581
1567
1582
1583
1569
1584
1839
1570
1585
1571
1586
1572
1587
1573
1588
1574
1589
1575
1590
1576
1591
1577
1592
1578
1593
1579
1594
1580
1595
1581
1596
1582
1597
1583
1598
1599
1585
1600
1855
1586
1601
1587
1602
1588
1603
1589
1604
1590
1605
1591
1606
1592
1607
1593
1608
1594
1609
1595
1610
1596
1611
1597
1612
1598
1613
1599
1614
1615
1601
1616
1871
1602
1617
1603
1618
1604
1619
1605
1620
1606
1621
1607
1622
1608
1623
1609
1624
1610
1625
1611
1626
1612
1627
1613
1628
1614
1629
1615
1630
1631
1617
1632
1887
1618
1633
1619
1634
1620
1635
1621
1636
1622
1637
1623
1638
1624
1639
1625
1640
1626
1641
1627
1642
1628
1643
1629
1644
1630
1645
1631
1646
1647
1633
1648
1903
1634
1649
1635
1650
1636
1651
1637
1652
1638
1653
1639
1654
1640
1655
1641
1656
1642
1657
1643
1658
1644
1659
1645
1660
1646
1661
1647
1662
1663
1649
1664
1919
1650
1665
1651
1666
1652
1667
1653
1668
1654
1669
1655
1670
1656
1671
1657
1672
1658
1673
1659
1674
1660
1675
1661
1676
1662
1677
1663
1678
1679
1665
1680
1935
1666
1681
1667
1682
1668
1683
1669
1684
1670
1685
1671
1686
1672
1687
1673
1688
1674
1689
1675
1690
1676
1691
1677
1692
1678
1693
1679
1694
1695
1681
1696
1951
1682
1697
1683
1698
1684
1699
1685
1700
1686
1701
1687
1702
1688
1703
1689
1704
1690
1705
1691
1706
1692
1707
1693
1708
1694
1709
1695
1710
1711
1697
1712
1967
1698
1713
1699
1714
1700
1715
1701
1716
1702
1717
1703
1718
1704
1719
1705
1720
1706
1721
1707
1722
1708
1723
1709
1724
1710
1725
1711
1726
1727
1713
1728
1983
1714
1729
1715
1730
1716
1731
1717
1732
1718
1733
1719
1734
1720
1735
1721
1736
1722
1737
1723
1738
1724
1739
1725
1740
1726
1741
1727
1742
1743
1729
1744
1999
1730
1745
1731
1746
1732
1747
1733
1748
1734
1749
1735
1750
1736
1751
1737
1752
1738
1753
1739
1754
1740
1755
1741
1756
1742
1757
1743
1758
1759
1745
1760
2015
1746
1761
1747
1762
1748
1763
1749
1764
1750
1765
1751
1766
1752
1767
1753
1768
1754
1769
1755
1770
1756
1771
1757
1772
1758
1773
1759
1774
1775
1761
1776
2031
1762
1777
1763
1778
1764
1779
1765
1780
1766
1781
1767
1782
1768
1783
1769
1784
1770
1785
1771
1786
1772
1787
1773
1788
1774
1789
1775
1790
1791
1777
2047
1778
1779
1780
1781
1782
1783
1784
1785
1786
1787
1788
1789
1790
1791
1793
1808
4592
1794
1809
4593
1795
1810
4594
1796
1811
4595
1797
1812
4596
1798
1813
4597
1799
1814
4598
1800
1815
4599
1801
1816
4600
1802
1817
4601
1803
1818
4602
1804
1819
4603
1805
1820
4604
1806
1821
4605
1807
1822
4606
1823
4607
1809
1824
1810
1825
1811
1826
1812
1827
1813
1828
1814
1829
1815
1830
1816
1831
1817
1832
1818
1833
1819
1834
1820
1835
1821
1836
1822
1837
1823
1838
1839
1825
1840
1826
1841
1827
1842
1828
1843
1829
1844
1830
1845
1831
1846
1832
1847
1833
1848
1834
1849
1835
1850
1836
1851
1837
1852
1838
1853
1839
1854
1855
1841
1856
1842
1857
1843
1858
1844
1859
1845
1860
1846
1861
1847
1862
1848
1863
1849
1864
1850
1865
1851
1866
1852
1867
1853
1868
1854
1869
1855
1870
1871
1857
1872
1858
1873
1859
1874
1860
1875
1861
1876
1862
1877
1863
1878
1864
1879
1865
1880
1866
1881
1867
1882
1868
1883
1869
1884
1870
1885
1871
1886
1887
1873
1888
1874
1889
1875
1890
1876
1891
1877
1892
1878
1893
1879
1894
1880
1895
1881
1896
1882
1897
1883
1898
1884
1899
1885
1900
1886
1901
1887
1902
1903
1889
1904
1890
1905
1891
1906
1892
1907
1893
1908
1894
1909
1895
1910
1896
1911
1897
1912
1898
1913
1899
1914
1900
1915
1901
1916
1902
1917
1903
1918
1919
1905
1920
1906
1921
1907
1922
1908
1923
1909
1924
1910
1925
1911
1926
1912
1927
1913
1928
1914
1929
1915
1930
1916
1931
1917
1932
1918
1933
1919
1934
1935
1921
1936
1922
1937
1923
1938
1924
1939
1925
1940
1926
1941
1927
1942
1928
1943
1929
1944
1930
1945
1931
1946
1932
1947
1933
1948
1934
1949
1935
1950
1951
1937
1952
1938
1953
1939
1954
1940
1955
1941
1956
1942
1957
1943
1958
1944
1959
1945
1960
1946
1961
1947
1962
1948
1963
1949
1964
1950
1965
1951
1966
1967
1953
1968
1954
1969
1955
1970
1956
1971
1957
1972
1958
1973
1959
1974
1960
1975
1961
1976
1962
1977
1963
1978
1964
1979
1965
1980
1966
1981
1967
1982
1983
1969
1984
1970
1985
1971
1986
1972
1987
1973
1988
1974
1989
1975
1990
1976
1991
1977
1992
1978
1993
1979
1994
1980
1995
1981
1996
1982
1997
1983
1998
1999
1985
2000
1986
2001
1987
2002
1988
2003
1989
2004
1990
2005
1991
2006
1992
2007
1993
2008
1994
2009
1995
2010
1996
2011
1997
2012
1998
2013
1999
2014
2015
2001
2016
2002
2017
2003
2018
2004
2019
2005
2020
2006
2021
2007
2022
2008
2023
2009
2024
2010
2025
2011
2026
2012
2027
2013
2028
2014
2029
2015
2030
2031
2017
2032
2018
2033
2019
2034
2020
2035
2021
2036
2022
2037
2023
2038
2024
2039
2025
2040
2026
2041
2027
2042
2028
2043
2029
2044
2030
2045
2031
2046
2047
2033
2048
2034
2049
2035
2050
2036
2051
2037
2052
2038
2053
2039
2054
2040
2055
2041
2056
2042
2057
2043
2058
2044
2059
2045
2060
2046
2061
2047
2062
2063
2049
2064
2050
2065
2051
2066
2052
2067
2053
2068
2054
2069
2055
2070
2056
2071
2057
2072
2058
2073
2059
2074
2060
2075
2061
2076
2062
2077
2063
2078
2079
2304
2065
2080
2066
2081
2067
2082
2068
2083
2069
2084
2070
2085
2071
2086
2072
2087
2073
2088
2074
2089
2075
2090
2076
2091
2077
2092
2078
2093
2079
2094
2095
2320
2081
2096
2082
2097
2083
2098
2084
2099
2085
2100
2086
2101
2087
2102
2088
2103
2089
2104
2090
2105
2091
2106
2092
2107
2093
2108
2094
2109
2095
2110
2111
2336
2097
2112
2098
2113
2099
2114
2100
2115
2101
2116
2102
2117
2103
2118
2104
2119
2105
2120
2106
2121
2107
2122
2108
2123
2109
2124
2110
2125
2111
2126
2127
2352
2113
2128
2114
2129
2115
2130
2116
2131
2117
2132
2118
2133
2119
2134
2120
2135
2121
2136
2122
2137
2123
2138
2124
2139
2125
2140
2126
2141
2127
2142
2143
2368
2129
2144
2130
2145
2131
2146
2132
2147
2133
2148
2134
2149
2135
2150
2136
2151
2137
2152
2138
2153
2139
2154
2140
2155
2141
2156
2142
2157
2143
2158
2159
2384
2145
2160
2146
2161
2147
2162
2148
2163
2149
2164
2150
2165
2151
2166
2152
2167
2153
2168
2154
2169
2155
2170
2156
2171
2157
2172
2158
2173
2159
2174
2175
2400
2161
2176
2162
2177
2163
2178
2164
2179
2165
2180
2166
2181
2167
2182
2168
2183
2169
2184
2170
2185
2171
2186
2172
2187
2173
2188
2174
2189
2175
2190
2191
2416
2177
2192
2178
2193
2179
2194
2180
2195
2181
2196
2182
2197
2183
2198
2184
2199
2185
2200
2186
2201
2187
2202
2188
2203
2189
2204
2190
2205
2191
2206
2207
2432
2193
2208
2194
2209
2195
2210
2196
2211
2197
2212
2198
2213
2199
2214
2200
2215
2201
2216
2202
2217
2203
2218
2204
2219
2205
2220
2206
2221
2207
2222
2223
2448
2209
2224
2210
2225
2211
2226
2212
2227
2213
2228
2214
2229
2215
2230
2216
2231
2217
2232
2218
2233
2219
2234
2220
2235
2221
2236
2222
2237
2223
2238
2239
2464
2225
2240
2226
2241
2227
2242
2228
2243
2229
2244
2230
2245
2231
2246
2232
2247
2233
2248
2234
2249
2235
2250
2236
2251
2237
2252
2238
2253
2239
2254
2255
2480
2241
2256
2242
2257
2243
2258
2244
2259
2245
2260
2246
2261
2247
2262
2248
2263
2249
2264
2250
2265
2251
2266
2252
2267
2253
2268
2254
2269
2255
2270
2271
2496
2257
2272
2258
2273
2259
2274
2260
2275
2261
2276
2262
2277
2263
2278
2264
2279
2265
2280
2266
2281
2267
2282
2268
2283
2269
2284
2270
2285
2271
2286
2287
2512
2273
2288
2274
2289
2275
2290
2276
2291
2277
2292
2278
2293
2279
2294
2280
2295
2281
2296
2282
2297
2283
2298
2284
2299
2285
2300
2286
2301
2287
2302
2303
2528
2289
2290
2291
2292
2293
2294
2295
2296
2297
2298
2299
2300
2301
2302
2303
2544
2305
2320
2306
2321
2307
2322
2308
2323
2309
2324
2310
2325
2311
2326
2312
2327
2313
2328
2314
2329
2315
2330
2316
2331
2317
2332
2318
2333
2319
2334
2335
2321
2336
2322
2337
2323
2338
2324
2339
2325
2340
2326
2341
2327
2342
2328
2343
2329
2344
2330
2345
2331
2346
2332
2347
2333
2348
2334
2349
2335
2350
2351
2337
2352
2338
2353
2339
2354
2340
2355
2341
2356
2342
2357
2343
2358
2344
2359
2345
2360
2346
2361
2347
2362
2348
2363
2349
2364
2350
2365
2351
2366
2367
2353
2368
2354
2369
2355
2370
2356
2371
2357
2372
2358
2373
2359
2374
2360
2375
2361
2376
2362
2377
2363
2378
2364
2379
2365
2380
2366
2381
2367
2382
2383
2369
2384
2370
2385
2371
2386
2372
2387
2373
2388
2374
2389
2375
2390
2376
2391
2377
2392
2378
2393
2379
2394
2380
2395
2381
2396
2382
2397
2383
2398
2399
2385
2400
2386
2401
2387
2402
2388
2403
2389
2404
2390
2405
2391
2406
2392
2407
2393
2408
2394
2409
2395
2410
2396
2411
2397
2412
2398
2413
2399
2414
2415
2401
2416
2402
2417
2403
2418
2404
2419
2405
2420
2406
2421
2407
2422
2408
2423
2409
2424
2410
2425
2411
2426
2412
2427
2413
2428
2414
2429
2415
2430
2431
2417
2432
2418
2433
2419
2434
2420
2435
2421
2436
2422
2437
2423
2438
2424
2439
2425
2440
2426
2441
2427
2442
2428
2443
2429
2444
2430
2445
2431
2446
2447
2433
2448
2434
2449
2435
2450
2436
2451
2437
2452
2438
2453
2439
2454
2440
2455
2441
2456
2442
2457
2443
2458
2444
2459
2445
2460
2446
2461
2447
2462
2463
2449
2464
2450
2465
2451
2466
2452
2467
2453
2468
2454
2469
2455
2470
2456
2471
2457
2472
2458
2473
2459
2474
2460
2475
2461
2476
2462
2477
2463
2478
2479
2465
2480
2466
2481
2467
2482
2468
2483
2469
2484
2470
2485
2471
2486
2472
2487
2473
2488
2474
2489
2475
2490
2476
2491
2477
2492
2478
2493
2479
2494
2495
2481
2496
2482
2497
2483
2498
2484
2499
2485
2500
2486
2501
2487
2502
2488
2503
2489
2504
2490
2505
2491
2506
2492
2507
2493
2508
2494
2509
2495
2510
2511
2497
2512
2498
2513
2499
2514
2500
2515
2501
2516
2502
2517
2503
2518
2504
2519
2505
2520
2506
2521
2507
2522
2508
2523
2509
2524
2510
2525
2511
2526
2527
2513
2528
2514
2529
2515
2530
2516
2531
2517
2532
2518
2533
2519
2534
2520
2535
2521
2536
2522
2537
2523
2538
2524
2539
2525
2540
2526
2541
2527
2542
2543
2529
2544
2530
2545
2531
2546
2532
2547
2533
2548
2534
2549
2535
2550
2536
2551
2537
2552
2538
2553
2539
2554
2540
2555
2541
2556
2542
2557
2543
2558
2559
2545
2546
2547
2548
2549
2550
2551
2552
2553
2554
2555
2556
2557
2558
2559
2561
2576
4111
2562
2577
4110
2563
2578
4109
2564
2579
4108
2565
2580
4107
2566
2581
4106
2567
2582
4105
2568
2583
4104
2569
2584
4103
2570
2585
4102
2571
2586
4101
2572
2587
4100
2573
2588
4099
2574
2589
4098
2575
2590
4097
2591
3824
4096
2577
2592
2578
2593
2579
2594
2580
2595
2581
2596
2582
2597
2583
2598
2584
2599
2585
2600
2586
2601
2587
2602
2588
2603
2589
2604
2590
2605
2591
2606
2607
3825
2593
2608
2594
2609
2595
2610
2596
2611
2597
2612
2598
2613
2599
2614
2600
2615
2601
2616
2602
2617
2603
2618
2604
2619
2605
2620
2606
2621
2607
2622
2623
3826
2609
2624
2610
2625
2611
2626
2612
2627
2613
2628
2614
2629
2615
2630
2616
2631
2617
2632
2618
2633
2619
2634
2620
2635
2621
2636
2622
2637
2623
2638
2639
3827
2625
2640
2626
2641
2627
2642
2628
2643
2629
2644
2630
2645
2631
2646
2632
2647
2633
2648
2634
2649
2635
2650
2636
2651
2637
2652
2638
2653
2639
2654
2655
3828
2641
2656
2642
2657
2643
2658
2644
2659
2645
2660
2646
2661
2647
2662
2648
2663
2649
2664
2650
2665
2651
2666
2652
2667
2653
2668
2654
2669
2655
2670
2671
3829
2657
2672
2658
2673
2659
2674
2660
2675
2661
2676
2662
2677
2663
2678
2664
2679
2665
2680
2666
2681
2667
2682
2668
2683
2669
2684
2670
2685
2671
2686
2687
3830
2673
2688
2674
2689
2675
2690
2676
2691
2677
2692
2678
2693
2679
2694
2680
2695
2681
2696
2682
2697
2683
2698
2684
2699
2685
2700
2686
2701
2687
2702
2703
3831
2689
2704
2690
2705
2691
2706
2692
2707
2693
2708
2694
2709
2695
2710
2696
2711
2697
2712
2698
2713
2699
2714
2700
2715
2701
2716
2702
2717
2703
2718
2719
3832
2705
2720
2706
2721
2707
2722
2708
2723
2709
2724
2710
2725
2711
2726
2712
2727
2713
2728
2714
2729
2715
2730
2716
2731
2717
2732
2718
2733
2719
2734
2735
3833
2721
2736
2722
2737
2723
2738
2724
2739
2725
2740
2726
2741
2727
2742
2728
2743
2729
2744
2730
2745
2731
2746
2732
2747
2733
2748
2734
2749
2735
2750
2751
3834
2737
2752
2738
2753
2739
2754
2740
2755
2741
2756
2742
2757
2743
2758
2744
2759
2745
2760
2746
2761
2747
2762
2748
2763
2749
2764
2750
2765
2751
2766
2767
3835
2753
2768
2754
2769
2755
2770
2756
2771
2757
2772
2758
2773
2759
2774
2760
2775
2761
2776
2762
2777
2763
2778
2764
2779
2765
2780
2766
2781
2767
2782
2783
3836
2769
2784
2770
2785
2771
2786
2772
2787
2773
2788
2774
2789
2775
2790
2776
2791
2777
2792
2778
2793
2779
2794
2780
2795
2781
2796
2782
2797
2783
2798
2799
3837
2785
2800
2786
2801
2787
2802
2788
2803
2789
2804
2790
2805
2791
2806
2792
2807
2793
2808
2794
2809
2795
2810
2796
2811
2797
2812
2798
2813
2799
2814
2815
3838
2801
2816
2802
2817
2803
2818
2804
2819
2805
2820
2806
2821
2807
2822
2808
2823
2809
2824
2810
2825
2811
2826
2812
2827
2813
2828
2814
2829
2815
2830
2831
3839
2817
2832
2818
2833
2819
2834
2820
2835
2821
2836
2822
2837
2823
2838
2824
2839
2825
2840
2826
2841
2827
2842
2828
2843
2829
2844
2830
2845
2831
2846
2847
3072
2833
2848
2834
2849
2835
2850
2836
2851
2837
2852
2838
2853
2839
2854
2840
2855
2841
2856
2842
2857
2843
2858
2844
2859
2845
2860
2846
2861
2847
2862
2863
3088
2849
2864
2850
2865
2851
2866
2852
2867
2853
2868
2854
2869
2855
2870
2856
2871
2857
2872
2858
2873
2859
2874
2860
2875
2861
2876
2862
2877
2863
2878
2879
3104
2865
2880
2866
2881
2867
2882
2868
2883
2869
2884
2870
2885
2871
2886
2872
2887
2873
2888
2874
2889
2875
2890
2876
2891
2877
2892
2878
2893
2879
2894
2895
3120
2881
2896
2882
2897
2883
2898
2884
2899
2885
2900
2886
2901
2887
2902
2888
2903
2889
2904
2890
2905
2891
2906
2892
2907
2893
2908
2894
2909
2895
2910
2911
3136
2897
2912
2898
2913
2899
2914
2900
2915
2901
2916
2902
2917
2903
2918
2904
2919
2905
2920
2906
2921
2907
2922
2908
2923
2909
2924
2910
2925
2911
2926
2927
3152
2913
2928
2914
2929
2915
2930
2916
2931
2917
2932
2918
2933
2919
2934
2920
2935
2921
2936
2922
2937
2923
2938
2924
2939
2925
2940
2926
2941
2927
2942
2943
3168
2929
2944
2930
2945
2931
2946
2932
2947
2933
2948
2934
2949
2935
2950
2936
2951
2937
2952
2938
2953
2939
2954
2940
2955
2941
2956
2942
2957
2943
2958
2959
3184
2945
2960
2946
2961
2947
2962
2948
2963
2949
2964
2950
2965
2951
2966
2952
2967
2953
2968
2954
2969
2955
2970
2956
2971
2957
2972
2958
2973
2959
2974
2975
3200
2961
2976
2962
2977
2963
2978
2964
2979
2965
2980
2966
2981
2967
2982
2968
2983
2969
2984
2970
2985
2971
2986
2972
2987
2973
2988
2974
2989
2975
2990
2991
3216
2977
2992
2978
2993
2979
2994
2980
2995
2981
2996
2982
2997
2983
2998
2984
2999
2985
3000
2986
3001
2987
3002
2988
3003
2989
3004
2990
3005
2991
3006
3007
3232
2993
3008
2994
3009
2995
3010
2996
3011
2997
3012
2998
3013
2999
3014
3000
3015
3001
3016
3002
3017
3003
3018
3004
3019
3005
3020
3006
3021
3007
3022
3023
3248
3009
3024
3010
3025
3011
3026
3012
3027
3013
3028
3014
3029
3015
3030
3016
3031
3017
3032
3018
3033
3019
3034
3020
3035
3021
3036
3022
3037
3023
3038
3039
3264
3025
3040
3026
3041
3027
3042
3028
3043
3029
3044
3030
3045
3031
3046
3032
3047
3033
3048
3034
3049
3035
3050
3036
3051
3037
3052
3038
3053
3039
3054
3055
3280
3041
3056
3042
3057
3043
3058
3044
3059
3045
3060
3046
3061
3047
3062
3048
3063
3049
3064
3050
3065
3051
3066
3052
3067
3053
3068
3054
3069
3055
3070
3071
3296
3057
3058
3059
3060
3061
3062
3063
3064
3065
3066
3067
3068
3069
3070
3071
3312
3073
3088
3568
3074
3089
3569
3075
3090
3570
3076
3091
3571
3077
3092
3572
3078
3093
3573
3079
3094
3574
3080
3095
3575
3081
3096
3576
3082
3097
3577
3083
3098
3578
3084
3099
3579
3085
3100
3580
3086
3101
3581
3087
3102
3582
3103
3583
3089
3104
3090
3105
3091
3106
3092
3107
3093
3108
3094
3109
3095
3110
3096
3111
3097
3112
3098
3113
3099
3114
3100
3115
3101
3116
3102
3117
3103
3118
3119
3105
3120
3106
3121
3107
3122
3108
3123
3109
3124
3110
3125
3111
3126
3112
3127
3113
3128
3114
3129
3115
3130
3116
3131
3117
3132
3118
3133
3119
3134
3135
3121
3136
3122
3137
3123
3138
3124
3139
3125
3140
3126
3141
3127
3142
3128
3143
3129
3144
3130
3145
3131
3146
3132
3147
3133
3148
3134
3149
3135
3150
3151
3137
3152
3138
3153
3139
3154
3140
3155
3141
3156
3142
3157
3143
3158
3144
3159
3145
3160
3146
3161
3147
3162
3148
3163
3149
3164
3150
3165
3151
3166
3167
3153
3168
3154
3169
3155
3170
3156
3171
3157
3172
3158
3173
3159
3174
3160
3175
3161
3176
3162
3177
3163
3178
3164
3179
3165
3180
3166
3181
3167
3182
3183
3169
3184
3170
3185
3171
3186
3172
3187
3173
3188
3174
3189
3175
3190
3176
3191
3177
3192
3178
3193
3179
3194
3180
3195
3181
3196
3182
3197
3183
3198
3199
3185
3200
3186
3201
3187
3202
3188
3203
3189
3204
3190
3205
3191
3206
3192
3207
3193
3208
3194
3209
3195
3210
3196
3211
3197
3212
3198
3213
3199
3214
3215
3201
3216
3202
3217
3203
3218
3204
3219
3205
3220
3206
3221
3207
3222
3208
3223
3209
3224
3210
3225
3211
3226
3212
3227
3213
3228
3214
3229
3215
3230
3231
3217
3232
3218
3233
3219
3234
3220
3235
3221
3236
3222
3237
3223
3238
3224
3239
3225
3240
3226
3241
3227
3242
3228
3243
3229
3244
3230
3245
3231
3246
3247
3233
3248
3234
3249
3235
3250
3236
3251
3237
3252
3238
3253
3239
3254
3240
3255
3241
3256
3242
3257
3243
3258
3244
3259
3245
3260
3246
3261
3247
3262
3263
3249
3264
3250
3265
3251
3266
3252
3267
3253
3268
3254
3269
3255
3270
3256
3271
3257
3272
3258
3273
3259
3274
3260
3275
3261
3276
3262
3277
3263
3278
3279
3265
3280
3266
3281
3267
3282
3268
3283
3269
3284
3270
3285
3271
3286
3272
3287
3273
3288
3274
3289
3275
3290
3276
3291
3277
3292
3278
3293
3279
3294
3295
3281
3296
3282
3297
3283
3298
3284
3299
3285
3300
3286
3301
3287
3302
3288
3303
3289
3304
3290
3305
3291
3306
3292
3307
3293
3308
3294
3309
3295
3310
3311
3297
3312
3298
3313
3299
3314
3300
3315
3301
3316
3302
3317
3303
3318
3304
3319
3305
3320
3306
3321
3307
3322
3308
3323
3309
3324
3310
3325
3311
3326
3327
3313
3314
3315
3316
3317
3318
3319
3320
3321
3322
3323
3324
3325
3326
3327
3329
3344
3599
3330
3345
3331
3346
3332
3347
3333
3348
3334
3349
3335
3350
3336
3351
3337
3352
3338
3353
3339
3354
3340
3355
3341
3356
3342
3357
3343
3358
3359
3345
3360
3615
3346
3361
3347
3362
3348
3363
3349
3364
3350
3365
3351
3366
3352
3367
3353
3368
3354
3369
3355
3370
3356
3371
3357
3372
3358
3373
3359
3374
3375
3361
3376
3631
3362
3377
3363
3378
3364
3379
3365
3380
3366
3381
3367
3382
3368
3383
3369
3384
3370
3385
3371
3386
3372
3387
3373
3388
3374
3389
3375
3390
3391
3377
3392
3647
3378
3393
3379
3394
3380
3395
3381
3396
3382
3397
3383
3398
3384
3399
3385
3400
3386
3401
3387
3402
3388
3403
3389
3404
3390
3405
3391
3406
3407
3393
3408
3663
3394
3409
3395
3410
3396
3411
3397
3412
3398
3413
3399
3414
3400
3415
3401
3416
3402
3417
3403
3418
3404
3419
3405
3420
3406
3421
3407
3422
3423
3409
3424
3679
3410
3425
3411
3426
3412
3427
3413
3428
3414
3429
3415
3430
3416
3431
3417
3432
3418
3433
3419
3434
3420
3435
3421
3436
3422
3437
3423
3438
3439
3425
3440
3695
3426
3441
3427
3442
3428
3443
3429
3444
3430
3445
3431
3446
3432
3447
3433
3448
3434
3449
3435
3450
3436
3451
3437
3452
3438
3453
3439
3454
3455
3441
3456
3711
3442
3457
3443
3458
3444
3459
3445
3460
3446
3461
3447
3462
3448
3463
3449
3464
3450
3465
3451
3466
3452
3467
3453
3468
3454
3469
3455
3470
3471
3457
3472
3727
3458
3473
3459
3474
3460
3475
3461
3476
3462
3477
3463
3478
3464
3479
3465
3480
3466
3481
3467
3482
3468
3483
3469
3484
3470
3485
3471
3486
3487
3473
3488
3743
3474
3489
3475
3490
3476
3491
3477
3492
3478
3493
3479
3494
3480
3495
3481
3496
3482
3497
3483
3498
3484
3499
3485
3500
3486
3501
3487
3502
3503
3489
3504
3759
3490
3505
3491
3506
3492
3507
3493
3508
3494
3509
3495
3510
3496
3511
3497
3512
3498
3513
3499
3514
3500
3515
3501
3516
3502
3517
3503
3518
3519
3505
3520
3775
3506
3521
3507
3522
3508
3523
3509
3524
3510
3525
3511
3526
3512
3527
3513
3528
3514
3529
3515
3530
3516
3531
3517
3532
3518
3533
3519
3534
3535
3521
3536
3791
3522
3537
3523
3538
3524
3539
3525
3540
3526
3541
3527
3542
3528
3543
3529
3544
3530
3545
3531
3546
3532
3547
3533
3548
3534
3549
3535
3550
3551
3537
3552
3807
3538
3553
3539
3554
3540
3555
3541
3556
3542
3557
3543
3558
3544
3559
3545
3560
3546
3561
3547
3562
3548
3563
3549
3564
3550
3565
3551
3566
3567
3553
3568
3823
3554
3569
3555
3570
3556
3571
3557
3572
3558
3573
3559
3574
3560
3575
3561
3576
3562
3577
3563
3578
3564
3579
3565
3580
3566
3581
3567
3582
3583
3569
3839
3570
3571
3572
3573
3574
3575
3576
3577
3578
3579
3580
3581
3582
3583
3585
3600
4879
3586
3601
3587
3602
3588
3603
3589
3604
3590
3605
3591
3606
3592
3607
3593
3608
3594
3609
3595
3610
3596
3611
3597
3612
3598
3613
3599
3614
3615
3601
3616
4895
3602
3617
3603
3618
3604
3619
3605
3620
3606
3621
3607
3622
3608
3623
3609
3624
3610
3625
3611
3626
3612
3627
3613
3628
3614
3629
3615
3630
3631
3617
3632
4911
3618
3633
3619
3634
3620
3635
3621
3636
3622
3637
3623
3638
3624
3639
3625
3640
3626
3641
3627
3642
3628
3643
3629
3644
3630
3645
3631
3646
3647
3633
3648
4927
3634
3649
3635
3650
3636
3651
3637
3652
3638
3653
3639
3654
3640
3655
3641
3656
3642
3657
3643
3658
3644
3659
3645
3660
3646
3661
3647
3662
3663
3649
3664
4943
3650
3665
3651
3666
3652
3667
3653
3668
3654
3669
3655
3670
3656
3671
3657
3672
3658
3673
3659
3674
3660
3675
3661
3676
3662
3677
3663
3678
3679
3665
3680
4959
3666
3681
3667
3682
3668
3683
3669
3684
3670
3685
3671
3686
3672
3687
3673
3688
3674
3689
3675
3690
3676
3691
3677
3692
3678
3693
3679
3694
3695
3681
3696
4975
3682
3697
3683
3698
3684
3699
3685
3700
3686
3701
3687
3702
3688
3703
3689
3704
3690
3705
3691
3706
3692
3707
3693
3708
3694
3709
3695
3710
3711
3697
3712
4991
3698
3713
3699
3714
3700
3715
3701
3716
3702
3717
3703
3718
3704
3719
3705
3720
3706
3721
3707
3722
3708
3723
3709
3724
3710
3725
3711
3726
3727
3713
3728
5007
3714
3729
3715
3730
3716
3731
3717
3732
3718
3733
3719
3734
3720
3735
3721
3736
3722
3737
3723
3738
3724
3739
3725
3740
3726
3741
3727
3742
3743
3729
3744
5023
3730
3745
3731
3746
3732
3747
3733
3748
3734
3749
3735
3750
3736
3751
3737
3752
3738
3753
3739
3754
3740
3755
3741
3756
3742
3757
3743
3758
3759
3745
3760
5039
3746
3761
3747
3762
3748
3763
3749
3764
3750
3765
3751
3766
3752
3767
3753
3768
3754
3769
3755
3770
3756
3771
3757
3772
3758
3773
3759
3774
3775
3761
3776
5055
3762
3777
3763
3778
3764
3779
3765
3780
3766
3781
3767
3782
3768
3783
3769
3784
3770
3785
3771
3786
3772
3787
3773
3788
3774
3789
3775
3790
3791
3777
3792
5071
3778
3793
3779
3794
3780
3795
3781
3796
3782
3797
3783
3798
3784
3799
3785
3800
3786
3801
3787
3802
3788
3803
3789
3804
3790
3805
3791
3806
3807
3793
3808
5087
3794
3809
3795
3810
3796
3811
3797
3812
3798
3813
3799
3814
3800
3815
3801
3816
3802
3817
3803
3818
3804
3819
3805
3820
3806
3821
3807
3822
3823
3809
3824
5103
3810
3825
3811
3826
3812
3827
3813
3828
3814
3829
3815
3830
3816
3831
3817
3832
3818
3833
3819
3834
3820
3835
3821
3836
3822
3837
3823
3838
3839
3825
5119
3826
3827
3828
3829
3830
3831
3832
3833
3834
3835
3836
3837
3838
3839
3841
3856
4336
4367
3842
3857
4337
3843
3858
4338
3844
3859
4339
3845
3860
4340
3846
3861
4341
3847
3862
4342
3848
3863
4343
3849
3864
4344
3850
3865
4345
3851
3866
4346
3852
3867
4347
3853
3868
4348
3854
3869
4349
3855
3870
4350
3871
4351
3857
3872
4383
3858
3873
3859
3874
3860
3875
3861
3876
3862
3877
3863
3878
3864
3879
3865
3880
3866
3881
3867
3882
3868
3883
3869
3884
3870
3885
3871
3886
3887
3873
3888
4399
3874
3889
3875
3890
3876
3891
3877
3892
3878
3893
3879
3894
3880
3895
3881
3896
3882
3897
3883
3898
3884
3899
3885
3900
3886
3901
3887
3902
3903
3889
3904
4415
3890
3905
3891
3906
3892
3907
3893
3908
3894
3909
3895
3910
3896
3911
3897
3912
3898
3913
3899
3914
3900
3915
3901
3916
3902
3917
3903
3918
3919
3905
3920
4431
3906
3921
3907
3922
3908
3923
3909
3924
3910
3925
3911
3926
3912
3927
3913
3928
3914
3929
3915
3930
3916
3931
3917
3932
3918
3933
3919
3934
3935
3921
3936
4447
3922
3937
3923
3938
3924
3939
3925
3940
3926
3941
3927
3942
3928
3943
3929
3944
3930
3945
3931
3946
3932
3947
3933
3948
3934
3949
3935
3950
3951
3937
3952
4463
3938
3953
3939
3954
3940
3955
3941
3956
3942
3957
3943
3958
3944
3959
3945
3960
3946
3961
3947
3962
3948
3963
3949
3964
3950
3965
3951
3966
3967
3953
3968
4479
3954
3969
3955
3970
3956
3971
3957
3972
3958
3973
3959
3974
3960
3975
3961
3976
3962
3977
3963
3978
3964
3979
3965
3980
3966
3981
3967
3982
3983
3969
3984
4495
3970
3985
3971
3986
3972
3987
3973
3988
3974
3989
3975
3990
3976
3991
3977
3992
3978
3993
3979
3994
3980
3995
3981
3996
3982
3997
3983
3998
3999
3985
4000
4511
3986
4001
3987
4002
3988
4003
3989
4004
3990
4005
3991
4006
3992
4007
3993
4008
3994
4009
3995
4010
3996
4011
3997
4012
3998
4013
3999
4014
4015
4001
4016
4527
4002
4017
4003
4018
4004
4019
4005
4020
4006
4021
4007
4022
4008
4023
4009
4024
4010
4025
4011
4026
4012
4027
4013
4028
4014
4029
4015
4030
4031
4017
4032
4543
4018
4033
4019
4034
4020
4035
4021
4036
4022
4037
4023
4038
4024
4039
4025
4040
4026
4041
4027
4042
4028
4043
4029
4044
4030
4045
4031
4046
4047
4033
4048
4559
4034
4049
4035
4050
4036
4051
4037
4052
4038
4053
4039
4054
4040
4055
4041
4056
4042
4057
4043
4058
4044
4059
4045
4060
4046
4061
4047
4062
4063
4049
4064
4575
4050
4065
4051
4066
4052
4067
4053
4068
4054
4069
4055
4070
4056
4071
4057
4072
4058
4073
4059
4074
4060
4075
4061
4076
4062
4077
4063
4078
4079
4065
4080
4591
4066
4081
4067
4082
4068
4083
4069
4084
4070
4085
4071
4086
4072
4087
4073
4088
4074
4089
4075
4090
4076
4091
4077
4092
4078
4093
4079
4094
4095
4081
4607
4082
4083
4084
4085
4086
4087
4088
4089
4090
4091
4092
4093
4094
4095
4097
4112
5119
4098
4113
4099
4114
4100
4115
4101
4116
4102
4117
4103
4118
4104
4119
4105
4120
4106
4121
4107
4122
4108
4123
4109
4124
4110
4125
4111
4126
4127
4113
4128
5118
4114
4129
4115
4130
4116
4131
4117
4132
4118
4133
4119
4134
4120
4135
4121
4136
4122
4137
4123
4138
4124
4139
4125
4140
4126
4141
4127
4142
4143
4129
4144
5117
4130
4145
4131
4146
4132
4147
4133
4148
4134
4149
4135
4150
4136
4151
4137
4152
4138
4153
4139
4154
4140
4155
4141
4156
4142
4157
4143
4158
4159
4145
4160
5116
4146
4161
4147
4162
4148
4163
4149
4164
4150
4165
4151
4166
4152
4167
4153
4168
4154
4169
4155
4170
4156
4171
4157
4172
4158
4173
4159
4174
4175
4161
4176
5115
4162
4177
4163
4178
4164
4179
4165
4180
4166
4181
4167
4182
4168
4183
4169
4184
4170
4185
4171
4186
4172
4187
4173
4188
4174
4189
4175
4190
4191
4177
4192
5114
4178
4193
4179
4194
4180
4195
4181
4196
4182
4197
4183
4198
4184
4199
4185
4200
4186
4201
4187
4202
4188
4203
4189
4204
4190
4205
4191
4206
4207
4193
4208
5113
4194
4209
4195
4210
4196
4211
4197
4212
4198
4213
4199
4214
4200
4215
4201
4216
4202
4217
4203
4218
4204
4219
4205
4220
4206
4221
4207
4222
4223
4209
4224
5112
4210
4225
4211
4226
4212
4227
4213
4228
4214
4229
4215
4230
4216
4231
4217
4232
4218
4233
4219
4234
4220
4235
4221
4236
4222
4237
4223
4238
4239
4225
4240
5111
4226
4241
4227
4242
4228
4243
4229
4244
4230
4245
4231
4246
4232
4247
4233
4248
4234
4249
4235
4250
4236
4251
4237
4252
4238
4253
4239
4254
4255
4241
4256
5110
4242
4257
4243
4258
4244
4259
4245
4260
4246
4261
4247
4262
4248
4263
4249
4264
4250
4265
4251
4266
4252
4267
4253
4268
4254
4269
4255
4270
4271
4257
4272
5109
4258
4273
4259
4274
4260
4275
4261
4276
4262
4277
4263
4278
4264
4279
4265
4280
4266
4281
4267
4282
4268
4283
4269
4284
4270
4285
4271
4286
4287
4273
4288
5108
4274
4289
4275
4290
4276
4291
4277
4292
4278
4293
4279
4294
4280
4295
4281
4296
4282
4297
4283
4298
4284
4299
4285
4300
4286
4301
4287
4302
4303
4289
4304
5107
4290
4305
4291
4306
4292
4307
4293
4308
4294
4309
4295
4310
4296
4311
4297
4312
4298
4313
4299
4314
4300
4315
4301
4316
4302
4317
4303
4318
4319
4305
4320
5106
4306
4321
4307
4322
4308
4323
4309
4324
4310
4325
4311
4326
4312
4327
4313
4328
4314
4329
4315
4330
4316
4331
4317
4332
4318
4333
4319
4334
4335
4321
4336
5105
4322
4337
4323
4338
4324
4339
4325
4340
4326
4341
4327
4342
4328
4343
4329
4344
4330
4345
4331
4346
4332
4347
4333
4348
4334
4349
4335
4350
4351
4337
5104
4338
4339
4340
4341
4342
4343
4344
4345
4346
4347
4348
4349
4350
4351
4353
4368
4848
4354
4369
4849
4355
4370
4850
4356
4371
4851
4357
4372
4852
4358
4373
4853
4359
4374
4854
4360
4375
4855
4361
4376
4856
4362
4377
4857
4363
4378
4858
4364
4379
4859
4365
4380
4860
4366
4381
4861
4367
4382
4862
4383
4863
4369
4384
4370
4385
4371
4386
4372
4387
4373
4388
4374
4389
4375
4390
4376
4391
4377
4392
4378
4393
4379
4394
4380
4395
4381
4396
4382
4397
4383
4398
4399
4385
4400
4386
4401
4387
4402
4388
4403
4389
4404
4390
4405
4391
4406
4392
4407
4393
4408
4394
4409
4395
4410
4396
4411
4397
4412
4398
4413
4399
4414
4415
4401
4416
4402
4417
4403
4418
4404
4419
4405
4420
4406
4421
4407
4422
4408
4423
4409
4424
4410
4425
4411
4426
4412
4427
4413
4428
4414
4429
4415
4430
4431
4417
4432
4418
4433
4419
4434
4420
4435
4421
4436
4422
4437
4423
4438
4424
4439
4425
4440
4426
4441
4427
4442
4428
4443
4429
4444
4430
4445
4431
4446
4447
4433
4448
4434
4449
4435
4450
4436
4451
4437
4452
4438
4453
4439
4454
4440
4455
4441
4456
4442
4457
4443
4458
4444
4459
4445
4460
4446
4461
4447
4462
4463
4449
4464
4450
4465
4451
4466
4452
4467
4453
4468
4454
4469
4455
4470
4456
4471
4457
4472
4458
4473
4459
4474
4460
4475
4461
4476
4462
4477
4463
4478
4479
4465
4480
4466
4481
4467
4482
4468
4483
4469
4484
4470
4485
4471
4486
4472
4487
4473
4488
4474
4489
4475
4490
4476
4491
4477
4492
4478
4493
4479
4494
4495
4481
4496
4482
4497
4483
4498
4484
4499
4485
4500
4486
4501
4487
4502
4488
4503
4489
4504
4490
4505
4491
4506
4492
4507
4493
4508
4494
4509
4495
4510
4511
4497
4512
4498
4513
4499
4514
4500
4515
4501
4516
4502
4517
4503
4518
4504
4519
4505
4520
4506
4521
4507
4522
4508
4523
4509
4524
4510
4525
4511
4526
4527
4513
4528
4514
4529
4515
4530
4516
4531
4517
4532
4518
4533
4519
4534
4520
4535
4521
4536
4522
4537
4523
4538
4524
4539
4525
4540
4526
4541
4527
4542
4543
4529
4544
4530
4545
4531
4546
4532
4547
4533
4548
4534
4549
4535
4550
4536
4551
4537
4552
4538
4553
4539
4554
4540
4555
4541
4556
4542
4557
4543
4558
4559
4545
4560
4546
4561
4547
4562
4548
4563
4549
4564
4550
4565
4551
4566
4552
4567
4553
4568
4554
4569
4555
4570
4556
4571
4557
4572
4558
4573
4559
4574
4575
4561
4576
4562
4577
4563
4578
4564
4579
4565
4580
4566
4581
4567
4582
4568
4583
4569
4584
4570
4585
4571
4586
4572
4587
4573
4588
4574
4589
4575
4590
4591
4577
4592
4578
4593
4579
4594
4580
4595
4581
4596
4582
4597
4583
4598
4584
4599
4585
4600
4586
4601
4587
4602
4588
4603
4589
4604
4590
4605
4591
4606
4607
4593
4594
4595
4596
4597
4598
4599
4600
4601
4602
4603
4604
4605
4606
4607
4609
4624
4610
4625
4611
4626
4612
4627
4613
4628
4614
4629
4615
4630
4616
4631
4617
4632
4618
4633
4619
4634
4620
4635
4621
4636
4622
4637
4623
4638
4639
4864
4625
4640
4626
4641
4627
4642
4628
4643
4629
4644
4630
4645
4631
4646
4632
4647
4633
4648
4634
4649
4635
4650
4636
4651
4637
4652
4638
4653
4639
4654
4655
4880
4641
4656
4642
4657
4643
4658
4644
4659
4645
4660
4646
4661
4647
4662
4648
4663
4649
4664
4650
4665
4651
4666
4652
4667
4653
4668
4654
4669
4655
4670
4671
4896
4657
4672
4658
4673
4659
4674
4660
4675
4661
4676
4662
4677
4663
4678
4664
4679
4665
4680
4666
4681
4667
4682
4668
4683
4669
4684
4670
4685
4671
4686
4687
4912
4673
4688
4674
4689
4675
4690
4676
4691
4677
4692
4678
4693
4679
4694
4680
4695
4681
4696
4682
4697
4683
4698
4684
4699
4685
4700
4686
4701
4687
4702
4703
4928
4689
4704
4690
4705
4691
4706
4692
4707
4693
4708
4694
4709
4695
4710
4696
4711
4697
4712
4698
4713
4699
4714
4700
4715
4701
4716
4702
4717
4703
4718
4719
4944
4705
4720
4706
4721
4707
4722
4708
4723
4709
4724
4710
4725
4711
4726
4712
4727
4713
4728
4714
4729
4715
4730
4716
4731
4717
4732
4718
4733
4719
4734
4735
4960
4721
4736
4722
4737
4723
4738
4724
4739
4725
4740
4726
4741
4727
4742
4728
4743
4729
4744
4730
4745
4731
4746
4732
4747
4733
4748
4734
4749
4735
4750
4751
4976
4737
4752
4738
4753
4739
4754
4740
4755
4741
4756
4742
4757
4743
4758
4744
4759
4745
4760
4746
4761
4747
4762
4748
4763
4749
4764
4750
4765
4751
4766
4767
4992
4753
4768
4754
4769
4755
4770
4756
4771
4757
4772
4758
4773
4759
4774
4760
4775
4761
4776
4762
4777
4763
4778
4764
4779
4765
4780
4766
4781
4767
4782
4783
5008
4769
4784
4770
4785
4771
4786
4772
4787
4773
4788
4774
4789
4775
4790
4776
4791
4777
4792
4778
4793
4779
4794
4780
4795
4781
4796
4782
4797
4783
4798
4799
5024
4785
4800
4786
4801
4787
4802
4788
4803
4789
4804
4790
4805
4791
4806
4792
4807
4793
4808
4794
4809
4795
4810
4796
4811
4797
4812
4798
4813
4799
4814
4815
5040
4801
4816
4802
4817
4803
4818
4804
4819
4805
4820
4806
4821
4807
4822
4808
4823
4809
4824
4810
4825
4811
4826
4812
4827
4813
4828
4814
4829
4815
4830
4831
5056
4817
4832
4818
4833
4819
4834
4820
4835
4821
4836
4822
4837
4823
4838
4824
4839
4825
4840
4826
4841
4827
4842
4828
4843
4829
4844
4830
4845
4831
4846
4847
5072
4833
4848
4834
4849
4835
4850
4836
4851
4837
4852
4838
4853
4839
4854
4840
4855
4841
4856
4842
4857
4843
4858
4844
4859
4845
4860
4846
4861
4847
4862
4863
5088
4849
4850
4851
4852
4853
4854
4855
4856
4857
4858
4859
4860
4861
4862
4863
5104
4865
4880
4866
4881
4867
4882
4868
4883
4869
4884
4870
4885
4871
4886
4872
4887
4873
4888
4874
4889
4875
4890
4876
4891
4877
4892
4878
4893
4879
4894
4895
4881
4896
4882
4897
4883
4898
4884
4899
4885
4900
4886
4901
4887
4902
4888
4903
4889
4904
4890
4905
4891
4906
4892
4907
4893
4908
4894
4909
4895
4910
4911
4897
4912
4898
4913
4899
4914
4900
4915
4901
4916
4902
4917
4903
4918
4904
4919
4905
4920
4906
4921
4907
4922
4908
4923
4909
4924
4910
4925
4911
4926
4927
4913
4928
4914
4929
4915
4930
4916
4931
4917
4932
4918
4933
4919
4934
4920
4935
4921
4936
4922
4937
4923
4938
4924
4939
4925
4940
4926
4941
4927
4942
4943
4929
4944
4930
4945
4931
4946
4932
4947
4933
4948
4934
4949
4935
4950
4936
4951
4937
4952
4938
4953
4939
4954
4940
4955
4941
4956
4942
4957
4943
4958
4959
4945
4960
4946
4961
4947
4962
4948
4963
4949
4964
4950
4965
4951
4966
4952
4967
4953
4968
4954
4969
4955
4970
4956
4971
4957
4972
4958
4973
4959
4974
4975
4961
4976
4962
4977
4963
4978
4964
4979
4965
4980
4966
4981
4967
4982
4968
4983
4969
4984
4970
4985
4971
4986
4972
4987
4973
4988
4974
4989
4975
4990
4991
4977
4992
4978
4993
4979
4994
4980
4995
4981
4996
4982
4997
4983
4998
4984
4999
4985
5000
4986
5001
4987
5002
4988
5003
4989
5004
4990
5005
4991
5006
5007
4993
5008
4994
5009
4995
5010
4996
5011
4997
5012
4998
5013
4999
5014
5000
5015
5001
5016
5002
5017
5003
5018
5004
5019
5005
5020
5006
5021
5007
5022
5023
5009
5024
5010
5025
5011
5026
5012
5027
5013
5028
5014
5029
5015
5030
5016
5031
5017
5032
5018
5033
5019
5034
5020
5035
5021
5036
5022
5037
5023
5038
5039
5025
5040
5026
5041
5027
5042
5028
5043
5029
5044
5030
5045
5031
5046
5032
5047
5033
5048
5034
5049
5035
5050
5036
5051
5037
5052
5038
5053
5039
5054
5055
5041
5056
5042
5057
5043
5058
5044
5059
5045
5060
5046
5061
5047
5062
5048
5063
5049
5064
5050
5065
5051
5066
5052
5067
5053
5068
5054
5069
5055
5070
5071
5057
5072
5058
5073
5059
5074
5060
5075
5061
5076
5062
5077
5063
5078
5064
5079
5065
5080
5066
5081
5067
5082
5068
5083
5069
5084
5070
5085
5071
5086
5087
5073
5088
5074
5089
5075
5090
5076
5091
5077
5092
5078
5093
5079
5094
5080
5095
5081
5096
5082
5097
5083
5098
5084
5099
5085
5100
5086
5101
5087
5102
5103
5089
5104
5090
5105
5091
5106
5092
5107
5093
5108
5094
5109
5095
5110
5096
5111
5097
5112
5098
5113
5099
5114
5100
5115
5101
5116
5102
5117
5103
5118
5119
5105
5106
5107
5108
5109
5110
5111
5112
5113
5114
5115
5116
5117
5118
5119
)


// ************************************************************************* //
